Vernier Format 2
Untitled.cmbl 11.10.2021 16:29:49 ,
Latest
Time	GateState	Distance	Velocity	Acceleration
t	State	d	v	acc
s		m	m/s	m/s²

0,0623836	1	0	 	 
0,0780836	0	 	 	 
0,480684	1	0,05	0,130283595623	0,0514093371999
0,4927836	0	 	 	 
0,8391148	1	0,1	0,14886871932	0,0522933786184
0,8495836	0	 	 	 
1,1572096	1	0,15	0,166013465528	0,0555030783389
1,1663124	0	 	 	 
1,4445848	1	0,2	0,182052162238	0,0561189176424
1,4542836	0	 	 	 
1,7084964	1	0,25	0,188826425174	-0,00478155364301
1,7183836	0	 	 	 
1,9741836	1	0,3	0,216038000884	0,209620745822
1,9824836	0	 	 	 
2,1842216	1	0,35	0,234206683077	-0,0366169827581
2,191484	0	 	 	 
2,4013952	1	0,4	0,236210834466	0,055073658788
2,4086224	0	 	 	 
2,60809	1	0,45	0,246737609949	0,0467844961586
2,6145012	0	 	 	 
2,806984	1	0,5	0,2566894708	0,0532875105537
2,813028	0	 	 	 
2,9979852	1	0,55	0,267237417794	0,0571615022628
3,0036836	0	 	 	 
3,1814836	1	0,6	0,277382039015	0,0534075405335
3,187806	0	 	 	 
3,3587164	1	0,65	0,275372960173	-0,076079177409
3,3655008	0	 	 	 
3,5450864	1	0,7	0,301188651211	0,353116158019
3,5510036	0	 	 	 
3,6974812	1	0,75	0,319293227415	-0,115515187334
3,7027836	0	 	 	 
3,8587836	1	0,8	0,314758012623	0,0592827346029
3,8642024	0	 	 	 
4,015328	1	0,85	0,322821675776	0,0437380461201
4,0202296	0	 	 	 
4,1686204	1	0,9	0,330284550787	0,0536297948349
4,173384	0	 	 	 
4,3181888	1	0,95	0,338797480707	0,0602034736892
4,3226836	0	 	 	 
4,4638836	1	1	0,347146345499	0,0544041141194
4,4688988	0	 	 	 
4,6063252	1	1,05	0,340743529534	-0,144305041453
4,6118116	0	 	 	 
4,75793	1	1,1	0,367754347356	0,500637002206
4,7627836	0	 	 	 
4,8832076	1	1,15	0,386592113279	-0,199900622794
4,8876032	0	 	 	 
5,0171836	1	1,2	0,37747835912	0,0638500740658
5,0216836	0	 	 	 
5,14819	1	1,25	0,384205378094	0,0388474883977
5,1523092	0	 	 	 
5,2774836	1	1,3	0,390238754061	0,0544808119518
5,2814836	0	 	 	 
5,4044844	1	1,35	0,397616721997	0,0617069275862
5,4082836	0	 	 	 
5,52903	1	1,4	0,40452278622	0,0491932442884
5,533384	0	 	 	 
5,6517172	1	1,45	0,394480455441	-0,212899495284
5,6564836	0	 	 	 
5,783126	1	1,5	0,422858696064	0,644807261323
5,7873836	0	 	 	 
5,892284	1	1,55	0,442987993563	-0,275996958848
5,896108	0	 	 	 
6,0094288	1	1,6	0,430540223957	0,0634775878522
6,0133944	0	 	 	 
6,1245844	1	1,65	0,436333883607	0,0371455629076
6,128184	0	 	 	 
6,238622	1	1,7	0,441345274064	0,050744579588
6,2421836	0	 	 	 
6,3511836	1	1,75	0,447759400819	0,0632219375087
6,354584	0	 	 	 
6,461984	1	1,8	0,453957273651	0,0486526194635
6,4658076	0	 	 	 
6,571484	1	1,85	0,441247543252	-0,280793813965
6,575688	0	 	 	 
6,6892088	1	1,9	0,470835537933	0,783457563346
6,6929948	0	 	 	 
6,787384	1	1,95	0,491832684124	-0,355709085299
6,7908312	0	 	 	 
6,8930848	1	2	0,476696234072	0,0693072784629
6,8966312	0	 	 	 
6,9971856	1	2,05	0,481887897279	0,0304357245948
7,0004856	0	 	 	 
7,1006064	1	2,1	0,486174819213	0,0524667850339
7,103816	0	 	 	 
7,2028856	1	2,15	0,492221723854	0,0657763111462
7,2059856	0	 	 	 
7,3037856	1	2,2	0,497929514273	0,0473612591122
7,3072944	0	 	 	 
7,4037264	1	2,25	0,482828441168	-0,349561623834
7,4076016	0	 	 	 
7,5114864	1	2,3	0,513883293339	0,925932302578
7,514928	0	 	 	 
7,6014872	1	2,35	0,536180925139	-0,430433778108
7,6046256	0	 	 	 
7,6985184	1	2,4	0,518623941349	0,0685505118908
7,701812	0	 	 	 
7,7943208	1	2,45	0,523313467427	0,0293494588464
7,7973888	0	 	 	 
7,8896112	1	2,5	0,527254689845	0,0533707819678
7,892588	0	 	 	 
7,9839912	1	2,55	0,532864085309	0,0654975262255
7,9868288	0	 	 	 
8,0772888	1	2,6	0,538235207324	0,0496420275423
8,0805096	0	 	 	 
8,1697904	1	2,65	0,521285493776	-0,416115981482
8,1733896	0	 	 	 
8,2696904	1	2,7	0,553627496837	1,06360353026
8,2729088	0	 	 	 
8,3532904	1	2,75	0,576468573578	-0,517166287657
8,356204	0	 	 	 
8,4436912	1	2,8	0,55401724219	0,0204598118733
8,446792	0	 	 	 
8,5337912	1	2,85	0,553690980765	-0,0277020188548
8,5366176	0	 	 	 
8,6242992	1	2,9	0,552174049161	-0,0058183683957
8,6271272	0	 	 	 
8,7148936	1	2,95	0,552691141289	0,0172339112582
8,7176088	0	 	 	 
8,8052328	1	3	0,552790823959	-0,0150270581951
8,808412	0	 	 	 
8,8957944	1	3,05	0,530283741837	-0,48202869439
8,8993112	0	 	 	 
8,9945128	1	3,1	0,556991712169	1,0231227626
8,9977112	0	 	 	 
9,0778952	1	3,15	0,575920530333	-0,569098456164
9,0808952	0	 	 	 
9,1687952	1	3,2	0,550967197864	0,0200702390126
9,1718928	0	 	 	 
9,2593952	1	3,25	0,550656518634	-0,0269285001475
9,2622232	0	 	 	 
9,3503984	1	3,3	0,549144294508	-0,0063060262383
9,3532416	0	 	 	 
9,4414968	1	3,35	0,549451834342	0,0130578425993
9,4442968	0	 	 	 
9,5323984	1	3,4	0,549449429636	-0,0131107504952
9,5355976	0	 	 	 
9,6234976	1	3,45	0,527322025211	-0,472676269051
9,6269992	0	 	 	 
9,7227296	1	3,5	0,553891715504	1,0081827648
9,7259456	0	 	 	 
9,8065984	1	3,55	0,572837908544	-0,556377253341
9,8095984	0	 	 	 
9,8979344	1	3,6	0,548124768091	0,0152293937272
9,9010984	0	 	 	 
9,9890392	1	3,65	0,547455275516	-0,029926590241
9,9919304	0	 	 	 
10,0806	1	3,7	0,545968401322	-0,0025518108697
10,0834344	0	 	 	 
10,1722	1	3,75	0,546610287548	0,0165667939734
10,1749256	0	 	 	 
10,2635464	1	3,8	0,546664975466	-0,0153694196294
10,2668	0	 	 	 
10,355128	1	3,85	0,524278594015	-0,473514405321
10,3587008	0	 	 	 
10,4550016	1	3,9	0,550783355676	1,00428052692
10,4582016	0	 	 	 
10,5393024	1	3,95	0,569880906518	-0,551199397375
10,5422464	0	 	 	 
10,6311168	1	4	0,545186286048	0,0132746171609
10,6343016	0	 	 	 
10,7227264	1	4,05	0,544413162061	-0,0301532846138
10,7256344	0	 	 	 
10,8148032	1	4,1	0,543147704716	0,00266628799282
10,8176424	0	 	 	 
10,9068384	1	4,15	0,543772349572	0,0109077544593
10,9096192	0	 	 	 
10,998704	1	4,2	0,543581651639	-0,0150594267378
11,001936	0	 	 	 
11,090804	1	4,25	0,521544189	-0,463495679442
11,094404	0	 	 	 
11,1911472	1	4,3	0,547896644743	0,988742148423
11,1944048	0	 	 	 
11,2759208	1	4,35	0,566556368554	-0,548517271553
11,278924	0	 	 	 
11,3683048	1	4,4	0,542054996473	0,0180926941294
11,3714304	0	 	 	 
11,4604048	1	4,45	0,54160292962	-0,0279095639172
11,4633064	0	 	 	 
11,552944	1	4,5	0,539957269014	-0,00765721438328
11,5558368	0	 	 	 
11,6456048	1	4,55	0,540365097348	0,0164598220309
11,6484032	0	 	 	 
11,7380048	1	4,6	0,540732852468	-0,0084997544898
11,7412088	0	 	 	 
11,8305392	1	4,65	0,518754751737	-0,46652576534
11,8341488	0	 	 	 
11,931508	1	4,7	0,544836377695	0,983153197937
11,9347488	0	 	 	 
12,0167264	1	4,75	0,563301321433	-0,549797402991
12,0197464	0	 	 	 
12,109708	1	4,8	0,53813492925	0,00847756801963
12,112908	0	 	 	 
12,2025536	1	4,85	0,537064948294	-0,0315261768049
12,2055088	0	 	 	 
12,295908	1	4,9	0,535462682132	-0,00280035010921
12,298808	0	 	 	 
12,389308	1	4,95	0,536075512187	0,015923049368
12,392108	0	 	 	 
12,4824496	1	5	0,536121249675	-0,0149409428063
12,4857296	0	 	 	 
12,5758336	1	5,05	0,514078692985	-0,457143283406
12,5795104	0	 	 	 
12,6777096	1	5,1	0,539922114596	0,964493819565
12,6810096	0	 	 	 
12,7637096	1	5,15	0,558530251132	-0,531746458262
12,7667096	0	 	 	 
12,8574096	1	5,2	0,534191546319	0,012243687437
12,8606104	0	 	 	 
12,9509088	1	5,25	0,533620572364	-0,0244571385719
12,9538272	0	 	 	 
13,0448104	1	5,3	0,532177911568	-0,00626993733225
13,0477424	0	 	 	 
13,138816	1	5,35	0,532421211434	0,011446221855
13,141656	0	 	 	 
13,232632	1	5,4	0,532376050448	-0,012408978443
13,2359344	0	 	 	 
13,3266536	1	5,45	0,510619319644	-0,450393841421
13,3303192	0	 	 	 
13,4292128	1	5,5	0,536229085668	0,949808150879
13,4325136	0	 	 	 
13,5158144	1	5,55	0,554753515238	-0,522000129542
13,518832	0	 	 	 
13,6101296	1	5,6	0,530673976769	0,0113817251016
13,6133488	0	 	 	 
13,7042544	1	5,65	0,529874339553	-0,0283727246206
13,7072432	0	 	 	 
13,798856	1	5,7	0,52835368658	-0,0037758431322
13,8018144	0	 	 	 
13,8935216	1	5,75	0,528658346148	0,0102123854054
13,8964144	0	 	 	 
13,9880144	1	5,8	0,52856038332	-0,0122858307433
13,9913184	0	 	 	 
14,0827152	1	5,85	0,507171101059	-0,4394375393
14,0863584	0	 	 	 
14,1859152	1	5,9	0,532674428096	0,933688063283
14,1892384	0	 	 	 
14,2731168	1	5,95	0,550857163356	-0,516660502787
14,2761632	0	 	 	 
14,3681168	1	6	 	 
14,3713248	0	 	 	 
