Vernier Format 2
Untitled.cmbl 11.10.2021 16:32:50 ,
Latest
Time	GateState	Distance	Velocity	Acceleration
t	State	d	v	acc
s		m	m/s	m/s²

0,1990832	1	0	 	 
0,2133816	0	 	 	 
0,6020832	1	0,05	0,142878964852	0,0933473247848
0,6152	0	 	 	 
0,9191828	1	0,1	0,169169109558	0,0724689973156
0,9294828	0	 	 	 
1,198084	1	0,15	0,189831152612	0,075698475997
1,2059832	0	 	 	 
1,44893	1	0,2	0,208647178667	0,0743220629366
1,4563844	0	 	 	 
1,6791308	1	0,25	0,224710033576	0,0652330985469
1,6860856	0	 	 	 
1,8948832	1	0,3	0,237298075764	0,0514566086191
1,9020304	0	 	 	 
2,1009832	1	0,35	0,290266239165	0,462547888242
2,1074836	0	 	 	 
2,2544688	1	0,4	0,282464815079	-0,564204644143
2,2873832	0	 	 	 
2,4841828	1	0,45	0,251556069303	0,295098313875
2,4912832	0	 	 	 
2,6639836	1	0,5	0,28459144888	0,0723681220561
2,6700916	0	 	 	 
2,8359156	1	0,55	0,297833462794	0,0816696825956
2,8409832	0	 	 	 
3,0000988	1	0,6	0,310498568606	0,0726104850626
3,0050932	0	 	 	 
3,1582072	1	0,65	0,321082238833	0,0612681732155
3,1630852	0	 	 	 
3,3116832	1	0,7	0,328812252154	0,039464362436
3,3168828	0	 	 	 
3,4623828	1	0,75	0,35320901759	0,284315733014
3,4671836	0	 	 	 
3,5966828	1	0,8	0,3491171844	-0,345251446932
3,6017836	0	 	 	 
3,7517984	1	0,85	0,341201919604	0,243195112225
3,7572828	0	 	 	 
3,8913944	1	0,9	0,363265413275	0,0729098430848
3,896186	0	 	 	 
4,0271844	1	0,95	0,373987339576	0,0850093895739
4,0311928	0	 	 	 
4,1589068	1	1	0,384263836659	0,0710232530504
4,1629828	0	 	 	 
4,2874976	1	1,05	0,392891670147	0,0631672720647
4,2914904	0	 	 	 
4,4134832	1	1,1	0,39892702295	0,0326429285126
4,4177224	0	 	 	 
4,5381832	1	1,15	0,424695342308	0,380642065199
4,5421832	0	 	 	 
4,6502832	1	1,2	0,417094282883	-0,516254186958
4,654516	0	 	 	 
4,7806836	1	1,25	0,40396403194	0,314870587771
4,7852872	0	 	 	 
4,8990012	1	1,3	0,426853179484	0,0720396866822
4,9030828	0	 	 	 
5,015002	1	1,35	0,436068524626	0,0868444786327
5,0184832	0	 	 	 
5,1283828	1	1,4	0,444946952632	0,0697680696379
5,1318832	0	 	 	 
5,2397828	1	1,45	0,452731675451	0,0699935608493
5,243204	0	 	 	 
5,3492964	1	1,5	0,457849086799	0,023463532113
5,3530152	0	 	 	 
5,4581988	1	1,55	0,48519820627	0,478804911402
5,4616916	0	 	 	 
5,5564832	1	1,6	0,474970191023	-0,686935911786
5,560206	0	 	 	 
5,6712832	1	1,65	0,457762030851	0,387142180563
5,6753828	0	 	 	 
5,7758836	1	1,7	0,481750940179	0,0715350200654
5,7794852	0	 	 	 
5,878884	1	1,75	0,490255421981	0,0935999076
5,8819048	0	 	 	 
5,9798976	1	1,8	0,49847114228	0,0690657195957
5,9830104	0	 	 	 
6,0795168	1	1,85	0,505652541688	0,0751112946327
6,0826256	0	 	 	 
6,1776832	1	1,9	0,510481073552	0,0232631362054
6,1809832	0	 	 	 
6,2754124	1	1,95	0,539719111059	0,575084901163
6,2785832	0	 	 	 
6,3638832	1	2	0,527096404861	-0,860437948671
6,3672832	0	 	 	 
6,4675068	1	2,05	0,506345060253	0,459924077148
6,4711868	0	 	 	 
6,5621828	1	2,1	0,531636273839	0,0743446622628
6,5654832	0	 	 	 
6,6556216	1	2,15	0,539386408369	0,0915421969564
6,6584004	0	 	 	 
6,7476016	1	2,2	0,546595327606	0,065207514636
6,750484	0	 	 	 
6,8385832	1	2,25	0,553747681539	0,0920188681279
6,841416	0	 	 	 
6,9282096	1	2,3	0,558343099891	0,0105272199063
6,9312848	0	 	 	 
7,0176848	1	2,35	0,589318655907	0,681855831859
7,0205848	0	 	 	 
7,0987288	1	2,4	0,574863027661	-1,03859114223
7,1018176	0	 	 	 
7,1938856	1	2,45	0,551060083409	0,538302266359
7,1972864	0	 	 	 
7,28092	1	2,5	0,577614162108	0,0718950509989
7,2839336	0	 	 	 
7,3670216	1	2,55	0,584822283677	0,0955378786904
7,3695872	0	 	 	 
7,4519288	1	2,6	0,59150389047	0,0618482273831
7,454588	0	 	 	 
7,5360888	1	2,65	0,597775998252	0,0872037636377
7,5387224	0	 	 	 
7,619228	1	2,7	0,600962180317	-0,0105568373969
7,6220888	0	 	 	 
7,7024888	1	2,75	0,630512758553	0,72038855259
7,7051328	0	 	 	 
7,7784896	1	2,8	0,610535776689	-1,24609306792
7,7814	0	 	 	 
7,8686872	1	2,85	0,57804648294	0,525690446356
7,8718904	0	 	 	 
7,9520272	1	2,9	0,599865654965	-0,00207220720763
7,954932	0	 	 	 
8,0353912	1	2,95	0,601076928442	0,0311320766061
8,0378912	0	 	 	 
8,1183968	1	3	0,601951864207	-0,01005070943
8,1209912	0	 	 	 
8,2015176	1	3,05	0,601998383947	0,0111700379302
8,2041304	0	 	 	 
8,2845104	1	3,1	0,599639238356	-0,0680218513753
8,287392	0	 	 	 
8,368292	1	3,15	0,625555835414	0,686692229072
8,3709928	0	 	 	 
8,444992	1	3,2	0,605207104871	-1,21729797987
8,4479192	0	 	 	 
8,535924	1	3,25	0,572806165845	0,504656906839
8,539192	0	 	 	 
8,6200928	1	3,3	0,594290264443	0,00584338776372
8,6229928	0	 	 	 
8,704192	1	3,35	0,595891192555	0,0322289865833
8,7066936	0	 	 	 
8,7879104	1	3,4	0,596651332259	-0,0140695448413
8,790512	0	 	 	 
8,8717944	1	3,45	0,597072521387	0,0241117251857
8,8744096	0	 	 	 
8,9553952	1	3,5	0,595602062364	-0,059289834087
8,9582152	0	 	 	 
9,0396976	1	3,55	0,621501679727	0,673735386357
9,042424	0	 	 	 
9,116916	1	3,6	0,601062122982	-1,20313140453
9,1198944	0	 	 	 
9,208496	1	3,65	0,569004177581	0,503023402771
9,2117952	0	 	 	 
9,2931976	1	3,7	0,590318772558	0,000263311454147
9,2961952	0	 	 	 
9,377896	1	3,75	0,59172815536	0,0330167222172
9,380396	0	 	 	 
9,462196	1	3,8	0,592729391329	-0,00926260670059
9,4648024	0	 	 	 
9,5466072	1	3,85	0,592737845803	0,00946292309336
9,5492968	0	 	 	 
9,6309048	1	3,9	0,590339950547	-0,066354109938
9,6337968	0	 	 	 
9,7160088	1	3,95	0,615797191758	0,664616029746
9,7187976	0	 	 	 
9,793928	1	4	0,595650286132	-1,1817390399
9,796912	0	 	 	 
9,8863416	1	4,05	0,563561799717	0,487285270875
9,889696	0	 	 	 
9,9718984	1	4,1	0,584941333605	0,0124887713473
9,974828	0	 	 	 
10,0572992	1	4,15	0,586477911771	0,023496328696
10,0598976	0	 	 	 
10,1424088	1	4,2	0,587171796823	-0,00719064632906
10,1451	0	 	 	 
10,2276072	1	4,25	0,587227090802	0,00848865142356
10,2303008	0	 	 	 
10,3127008	1	4,3	0,584843223173	-0,0645179562985
10,3156008	0	 	 	 
10,3986008	1	4,35	0,610097870842	0,652519066176
10,4014008	0	 	 	 
10,4772472	1	4,4	0,590118230157	-1,16060692997
10,4803008	0	 	 	 
10,5705336	1	4,45	0,55847392264	0,482173470928
10,5739016	0	 	 	 
10,6568472	1	4,5	0,579479157907	0,00454554593374
10,6599	0	 	 	 
10,7431024	1	4,55	0,580873437863	0,0277836343569
10,7457024	0	 	 	 
10,8290032	1	4,6	0,581731246182	-0,00781156614638
10,8316472	0	 	 	 
10,9150032	1	4,65	0,581728532678	0,00774846142273
10,9177032	0	 	 	 
11,0009048	1	4,7	0,579064770581	-0,0697673783662
11,0038416	0	 	 	 
11,0877048	1	4,75	0,603902764993	0,642071397098
11,090504	0	 	 	 
11,1671448	1	4,8	0,584146449348	-1,13946101558
11,1702048	0	 	 	 
11,2614056	1	4,85	0,552720516063	0,472674116145
11,2648056	0	 	 	 
11,3486152	1	4,9	0,573639543808	0,00706728262409
11,3516488	0	 	 	 
11,4357312	1	4,95	0,575020667229	0,0246404041716
11,4383392	0	 	 	 
11,5225232	1	5	0,575785117812	-0,0070247118768
11,5252192	0	 	 	 
11,6094072	1	5,05	0,576016628956	0,0123539127521
11,6121336	0	 	 	 
11,6961296	1	5,1	0,573748507175	-0,0646615467976
11,6991072	0	 	 	 
11,783708	1	5,15	0,598604609787	0,632292437795
11,7865088	0	 	 	 
11,863844	1	5,2	0,578899228771	-1,12409090579
11,8669144	0	 	 	 
11,9590072	1	5,25	0,547625463893	0,466824969405
11,9624088	0	 	 	 
12,0470096	1	5,3	0,568497460965	0,00752566358094
12,050032	0	 	 	 
12,1349096	1	5,35	0,569801284635	0,0221404040031
12,137524	0	 	 	 
12,2225104	1	5,4	0,570622603621	-0,00338900024377
12,2252104	0	 	 	 
12,3101568	1	5,45	0,570448055095	-0,000594016194338
12,3129152	0	 	 	 
12,3978112	1	5,5	0,567702381178	-0,0620536983864
12,4008112	0	 	 	 
12,4863136	1	5,55	0,592119356475	0,613834786746
12,489212	0	 	 	 
12,567352	1	5,6	0,572617213712	-1,09514100117
12,5704552	0	 	 	 
12,6635128	1	5,65	0,541689032564	0,451881353823
12,6669496	0	 	 	 
12,7525128	1	5,7	0,562108835374	0,0069906194428
12,7556136	0	 	 	 
12,8414144	1	5,75	0,563624192985	0,0271000518269
12,8440424	0	 	 	 
12,9299376	1	5,8	0,564334933829	-0,0110423213247
12,9327144	0	 	 	 
13,0186144	1	5,85	0,564087266286	0,00545647378121
13,0214144	0	 	 	 
13,1072152	1	5,9	0,561508416915	-0,0636692522476
13,1102152	0	 	 	 
13,1967152	1	5,95	0,585726016415	0,60484466007
13,1996152	0	 	 	 
13,278616	1	6	0,56650618455	-1,074188839
13,2817448	0	 	 	 
13,3758376	1	6,05	0,535789892444	0,44230678591
13,379316	0	 	 	 
13,465816	1	6,1	0,55592885237	0,00533309047177
13,4689424	0	 	 	 
13,5557168	1	6,15	0,557364027527	0,0265948825134
13,5584176	0	 	 	 
13,6452336	1	6,2	0,558225500051	-0,00734771274092
13,6480176	0	 	 	 
13,734856	1	6,25	0,558005864173	0,0024463515115
13,73772	0	 	 	 
13,8244432	1	6,3	0,55536101957	-0,0614914964038
13,82752	0	 	 	 
13,914928	1	6,35	0,579194337598	0,588283134944
13,917856	0	 	 	 
13,9977696	1	6,4	0,560043693575	-1,05062678892
14,000944	0	 	 	 
14,0961216	1	6,45	0,529940648458	0,438477669067
14,0996208	0	 	 	 
14,1870512	1	6,5	0,550011507026	0,0029816262306
14,1902224	0	 	 	 
14,277936	1	6,55	0,551213686829	0,0234733982135
14,2806576	0	 	 	 
14,3684704	1	6,6	0,551915838448	-0,00796213135928
14,3713232	0	 	 	 
14,4591232	1	6,65	0,551915838448	0,00796213135928
14,4619376	0	 	 	 
14,5496576	1	6,7	0,549375268986	-0,0640859795856
14,5527536	0	 	 	 
14,6411584	1	6,75	0,572394477873	0,567233687296
14,6441248	0	 	 	 
14,7250256	1	6,8	0,553132105482	-1,02658781835
14,7282256	0	 	 	 
14,8246256	1	6,85	0,521948766573	0,400416354312
14,8282256	0	 	 	 
14,9171376	1	6,9	0,539535884002	-0,0202036807425
14,9203664	0	 	 	 
15,0099712	1	6,95	0,538537775783	-0,00129948663144
15,0127536	0	 	 	 
15,1028256	1	7	 	 
15,1057264	0	 	 	 
