Vernier Format 2
Untitled.cmbl 11.10.2021 16:31:53 ,
Latest
Time	GateState	Distance	Velocity	Acceleration
t	State	d	v	acc
s		m	m/s	m/s²

0,0915776	1	0	 	 
0,1099836	0	 	 	 
0,6332776	1	0,05	0,0988725078194	0,0242587987281
0,6489776	0	 	 	 
1,110984	1	0,1	0,110924571057	0,0261992367417
1,1246776	0	 	 	 
1,5400044	1	0,15	0,123184217269	0,0309525733434
1,5542936	0	 	 	 
1,9270772	1	0,2	0,130689547397	0,00782736742553
1,9413772	0	 	 	 
2,3053776	1	0,25	0,154765840992	0,119459273535
2,3169044	0	 	 	 
2,5958772	1	0,3	0,170972883447	-0,00787879318279
2,6057772	0	 	 	 
2,8903188	1	0,35	0,175129918191	0,0361155283701
2,900078	0	 	 	 
3,1678776	1	0,4	0,18394828541	0,027426807297
3,1764776	0	 	 	 
3,4343976	1	0,45	0,191106236016	0,026287365043
3,4425776	0	 	 	 
3,6914864	1	0,5	0,198116949593	0,0282518725877
3,6991156	0	 	 	 
3,9394776	1	0,55	0,205481107125	0,0311386020073
3,9479848	0	 	 	 
4,1784808	1	0,6	0,204934972987	-0,0357087009712
4,1876068	0	 	 	 
4,4278796	1	0,65	0,22662216151	0,20962444173
4,4357772	0	 	 	 
4,6296772	1	0,7	0,241837105701	-0,0588303372326
4,63668	0	 	 	 
4,8419064	1	0,75	0,239521144477	0,0370052422567
4,8490236	0	 	 	 
5,0473944	1	0,8	0,245766230687	0,0237777349498
5,0538776	0	 	 	 
5,248876	1	0,85	0,250752679774	0,0257200761291
5,255078	0	 	 	 
5,4462772	1	0,9	0,256074292767	0,0281966477138
5,452178	0	 	 	 
5,639478	1	0,95	0,26163490414	0,0293663786638
5,6461856	0	 	 	 
5,8285772	1	1	0,257053216926	-0,0778244071984
5,8358772	0	 	 	 
6,0291812	1	1,05	0,27897957138	0,296427769591
6,0355772	0	 	 	 
6,1939776	1	1,1	0,294669302801	-0,106014248176
6,1997056	0	 	 	 
6,3691812	1	1,15	0,288760528276	0,0385638701669
6,375092	0	 	 	 
6,540378	1	1,2	0,294037313925	0,02308197425
6,545778	0	 	 	 
6,7093044	1	1,25	0,298239396457	0,0266684795849
6,7145232	0	 	 	 
6,8757168	1	1,3	0,302909654226	0,0294602436169
6,8807064	0	 	 	 
7,0394784	1	1,35	0,307723153003	0,0293264167102
7,0451904	0	 	 	 
7,2007232	1	1,4	0,300404578957	-0,120102355475
7,2069792	0	 	 	 
7,3731056	1	1,45	0,323380205841	0,386668163622
7,3786216	0	 	 	 
7,5155856	1	1,5	0,339995441638	-0,153439137834
7,5205808	0	 	 	 
7,66788	1	1,55	0,331727173508	0,0448564436613
7,6729792	0	 	 	 
7,8171008	1	1,6	0,336600734785	0,0204636896795
7,8218064	0	 	 	 
7,96498	1	1,65	0,340302746571	0,0296043629801
7,9695064	0	 	 	 
8,1109808	1	1,7	0,344737369382	0,0311435618346
8,1153808	0	 	 	 
8,2550808	1	1,75	0,34904176996	0,0285982921353
8,2601056	0	 	 	 
8,3974992	1	1,8	0,339570292917	-0,161607468525
8,4030096	0	 	 	 
8,5503	1	1,85	0,363700784476	0,477449945254
8,5552016	0	 	 	 
8,6772048	1	1,9	0,381041651722	-0,204160562241
8,6816808	0	 	 	 
8,8133928	1	1,95	0,370164603953	0,0444247886158
8,818004	0	 	 	 
8,9473904	1	2	0,374384116277	0,0185541352395
8,9516208	0	 	 	 
9,080504	1	2,05	0,377516407174	0,0285077862617
9,08468	0	 	 	 
9,2122928	1	2,1	0,381572312151	0,0330438019887
9,2162832	0	 	 	 
9,3425944	1	2,15	0,385383677143	0,0254568609711
9,347184	0	 	 	 
9,471784	1	2,2	0,373835274013	-0,204239102426
9,4767848	0	 	 	 
9,6108128	1	2,25	0,398814400656	0,563576543926
9,615284	0	 	 	 
9,726696	1	2,3	0,416769855314	-0,253687713489
9,7307848	0	 	 	 
9,8513992	1	2,35	0,403731051499	0,0445703241234
9,855628	0	 	 	 
9,9744088	1	2,4	0,407362396914	0,0144713346512
9,9782944	0	 	 	 
10,0968832	1	2,45	0,410183630221	0,0315992451165
10,1006328	0	 	 	 
10,2182128	1	2,5	0,414018102923	0,0316082937127
10,2218856	0	 	 	 
10,3384288	1	2,55	0,41724387091	0,0220579069176
10,3426856	0	 	 	 
10,4578856	1	2,6	0,404061713715	-0,242759569702
10,4624864	0	 	 	 
10,5866064	1	2,65	0,430016564318	0,646033175884
10,5907864	0	 	 	 
10,6941872	1	2,7	0,448707599002	-0,298554170626
10,6979872	0	 	 	 
10,8100872	1	2,75	0,433032526322	0,0280611131635
10,8140224	0	 	 	 
10,9251232	1	2,8	0,433469796407	-0,0204587958953
10,928788	0	 	 	 
11,0407872	1	2,85	0,431846952619	-0,00760255055403
11,0443872	0	 	 	 
11,1566872	1	2,9	0,431404895938	-2,5692430159E-005
11,160188	0	 	 	 
11,272588	1	2,95	0,430842809653	-0,00967374511488
11,2766888	0	 	 	 
11,3887912	1	3	0,413229381975	-0,293475009437
11,393324	0	 	 	 
11,5154896	1	3,05	0,434534309688	0,629784350558
11,5195888	0	 	 	 
11,6222896	1	3,1	0,450133933983	-0,337656554758
11,6260368	0	 	 	 
11,7384264	1	3,15	0,431153752795	0,0107975197484
11,7423904	0	 	 	 
11,8542264	1	3,2	0,430548658275	-0,0212482023069
11,8579048	0	 	 	 
11,970692	1	3,25	0,429044934665	-0,0045744201617
11,9742928	0	 	 	 
12,0873024	1	3,3	0,428612214184	-0,00284722458342
12,0908304	0	 	 	 
12,2040032	1	3,35	0,427906240577	-0,00925164032639
12,2081144	0	 	 	 
12,3209992	1	3,4	0,41047462262	-0,288734922579
12,3255944	0	 	 	 
12,4485296	1	3,45	0,431539863734	0,619091309988
12,4526944	0	 	 	 
12,5560944	1	3,5	0,446878071509	-0,33390121481
12,5598944	0	 	 	 
12,673096	1	3,55	0,428084742448	0,0126521197355
12,6770936	0	 	 	 
12,7896944	1	3,6	0,427844919156	-0,016765783256
12,7933944	0	 	 	 
12,906828	1	3,65	0,426396615264	-0,00796331055847
12,910496	0	 	 	 
13,0242184	1	3,7	0,42575526153	-0,00296354095089
13,027796	0	 	 	 
13,1417048	1	3,75	0,425031263749	-0,00936125204889
13,145812	0	 	 	 
13,259496	1	3,8	0,407776052712	-0,283618376945
13,2640968	0	 	 	 
13,3878408	1	3,85	0,428788921359	0,611062397227
13,3919968	0	 	 	 
13,4960976	1	3,9	0,444043805799	-0,329234660967
13,4999248	0	 	 	 
13,6138384	1	3,95	0,425354612575	0,0117713309498
13,6178976	0	 	 	 
13,7311968	1	4	0,424890236705	-0,0196851380603
13,7349184	0	 	 	 
13,8491968	1	4,05	0,423467877578	-0,00442264374741
13,8528336	0	 	 	 
13,9673424	1	4,1	0,423009165835	-0,0033425500941
13,9709184	0	 	 	 
14,0855984	1	4,15	0,422199234431	-0,0103553832805
14,0897984	0	 	 	 
14,2041984	1	4,2	0,404891027335	-0,281519947173
14,2088032	0	 	 	 
14,3335008	1	4,25	0,425771137177	0,604485489058
14,3376464	0	 	 	 
14,4425008	1	4,3	0,441058314299	-0,323986826263
14,4463248	0	 	 	 
14,561024	1	4,35	0,422447362189	0,00993941427723
14,5651008	0	 	 	 
14,6792176	1	4,4	0,421811380083	-0,0207011155174
14,683	0	 	 	 
14,7981008	1	4,45	0,420298421886	-0,00475173563007
14,8018016	0	 	 	 
14,917144	1	4,5	0,419812657759	-0,00340940464933
14,920744	0	 	 	 
15,0363024	1	4,55	0,41901203997	-0,0100284694584
15,0405024	0	 	 	 
15,1558016	1	4,6	0,401951254848	-0,275509594768
15,1604208	0	 	 	 
15,2860048	1	4,65	0,422696575629	0,594170284844
15,290216	0	 	 	 
15,3958176	1	4,7	0,437674252663	-0,321384652671
15,3997008	0	 	 	 
15,5152992	1	4,75	0,419263449855	0,0132066100632
15,5193216	0	 	 	 
15,6343328	1	4,8	0,418765584406	-0,0215717346831
15,6381152	0	 	 	 
15,7541008	1	4,85	0,41707061514	-0,00673247455683
15,7578016	0	 	 	 
15,8741008	1	4,9	0,416494657794	-0,00286681454087
15,8777088	0	 	 	 
15,9942	1	4,95	0,415789338979	-0,00887878934421
15,9984016	0	 	 	 
16,114608	1	5	0,398733025935	-0,274429845362
16,1193056	0	 	 	 
16,2459408	1	5,05	0,419073971587	0,584191696958
16,2502016	0	 	 	 
16,3567008	1	5,1	 	 
16,3606016	0	 	 	 
