Vernier Format 2
Untitled.cmbl 11.10.2021 16:28:07 ,
Latest
Time	GateState	Distance	Velocity	Acceleration
t	State	d	v	acc
s		m	m/s	m/s²

0,0963908	1	0	 	 
0,1016296	0	 	 	 
0,2653828	1	0,05	0,296035087945	0,00193019792971
0,2704832	0	 	 	 
0,4341888	1	0,1	0,295858767895	-0,00401922379034
0,4401004	0	 	 	 
0,6033828	1	0,15	0,283925319386	-0,137043089401
0,6099036	0	 	 	 
0,7876828	1	0,2	0,298532625636	0,295559706326
0,7935832	0	 	 	 
0,9431968	1	0,25	0,308672975249	-0,165148944427
0,9486828	0	 	 	 
1,1128832	1	0,3	0,29482331957	0,00191069223677
1,1186016	0	 	 	 
1,2823832	1	0,35	0,293859114193	-0,0132877468432
1,2877304	0	 	 	 
1,4531924	1	0,4	0,29230859017	-0,0048672942471
1,4585028	0	 	 	 
1,6244888	1	0,45	0,291978697644	0,00101557843817
1,6296276	0	 	 	 
1,7956832	1	0,5	0,291805301575	-0,00304129970905
1,8016832	0	 	 	 
1,9671836	1	0,55	0,280091247334	-0,133565428224
1,9738284	0	 	 	 
2,15402	1	0,6	0,294352633256	0,286227178523
2,1600828	0	 	 	 
2,3117832	1	0,65	0,3043702896	-0,159231068608
2,3173028	0	 	 	 
2,4837964	1	0,7	0,290698015968	0,000263342512798
2,4896828	0	 	 	 
2,6557828	1	0,75	0,289506864605	-0,0141150350066
2,6612212	0	 	 	 
2,8292236	1	0,8	0,287828868823	-0,0052344581102
2,8346148	0	 	 	 
3,0032132	1	0,85	0,287464426278	0,00104521295644
3,0084828	0	 	 	 
3,1770928	1	0,9	0,287216814847	-0,00389329209853
3,1831828	0	 	 	 
3,3513832	1	0,95	0,275718823165	-0,128047327491
3,3580968	0	 	 	 
3,5410836	1	1	0,289887303651	0,277424771993
3,5471904	0	 	 	 
3,701284	1	1,05	0,299711793824	-0,154772267101
3,7068832	0	 	 	 
3,875992	1	1,1	0,286181661971	-0,000116253778744
3,8819236	0	 	 	 
4,0507124	1	1,15	0,284998361833	-0,0134288175277
4,0562832	0	 	 	 
4,2268832	1	1,2	0,283365577643	-0,00510755955762
4,2323268	0	 	 	 
4,4036152	1	1,25	0,282965496772	0,000580016494293
4,4089164	0	 	 	 
4,5802832	1	1,3	0,282671972131	-0,00390291188745
4,5864832	0	 	 	 
4,7573832	1	1,35	0,271257757903	-0,124998434553
4,764284	0	 	 	 
4,9502832	1	1,4	0,285262247021	0,270197907007
4,9564828	0	 	 	 
5,1130184	1	1,45	0,294976583605	-0,150809642107
5,1187836	0	 	 	 
5,2905832	1	1,5	0,281618434172	0,000350210586483
5,2966004	0	 	 	 
5,4681088	1	1,55	0,280514484124	-0,012787290619
5,473718	0	 	 	 
5,6470828	1	1,6	0,278936711001	-0,00484402032763
5,6526272	0	 	 	 
5,8266148	1	1,65	0,278521743125	0,000221246933078
5,8319964	0	 	 	 
6,0061212	1	1,7	0,278241542858	-0,00334314416302
6,0124	0	 	 	 
6,1860156	1	1,75	0,267028058301	-0,121324266917
6,192988	0	 	 	 
6,3819864	1	1,8	0,280712588656	0,260983138084
6,3882864	0	 	 	 
6,5473872	1	1,85	0,290206317725	-0,146186485719
6,5532028	0	 	 	 
6,727884	1	1,9	0,27701076579	-2,72082063722E-005
6,733984	0	 	 	 
6,908384	1	1,95	0,275871516009	-0,0125960580636
6,914084	0	 	 	 
7,090384	1	2	0,27427406377	-0,00495836214055
7,0960088	0	 	 	 
7,2729848	1	2,05	0,273896403094	0,000821899687603
7,2784136	0	 	 	 
7,4554856	1	2,1	0,273598233112	-0,00408950160084
7,4618856	0	 	 	 
7,6384856	1	2,15	0,262527437401	-0,116902801253
7,6455288	0	 	 	 
7,8377856	1	2,2	0,276090278705	0,253007581019
7,8441864	0	 	 	 
8,0059312	1	2,25	0,285493978551	-0,141155711611
8,0118848	0	 	 	 
8,1893864	1	2,3	0,272438078847	-0,00117767227774
8,1955872	0	 	 	 
8,3729872	1	2,35	0,271220597745	-0,0120845913072
8,3787888	0	 	 	 
8,5581024	1	2,4	0,269685544348	-0,00450025312387
8,563888	0	 	 	 
8,7437912	1	2,45	0,269326924233	0,000637660270948
8,7493888	0	 	 	 
8,9293984	1	2,5	0,269095031514	-0,0031364072908
8,9358888	0	 	 	 
9,115408	1	2,55	0,258270934103	-0,113245730087
9,122604	0	 	 	 
9,3180016	1	2,6	0,271604562987	0,244875049909
9,3245024	0	 	 	 
9,4889232	1	2,65	0,280867616611	-0,136485547082
9,4949184	0	 	 	 
9,6753912	1	2,7	0,268090210253	-0,000561092099798
9,6816912	0	 	 	 
9,861932	1	2,75	0,266890128497	-0,0123056025447
9,867812	0	 	 	 
10,0500912	1	2,8	0,265324189955	-0,00433922313612
10,0559048	0	 	 	 
10,2388312	1	2,85	0,264900102482	-0,000154657041682
10,2444928	0	 	 	 
10,427592	1	2,9	0,264616337176	-0,00285195562726
10,4341896	0	 	 	 
10,6167376	1	2,95	0,253963689755	-0,109787697857
10,6240928	0	 	 	 
10,8227936	1	3	0,26704950159	0,236799887119
10,8293928	0	 	 	 
10,9966272	1	3,05	0,27614898362	-0,132108020531
11,0027184	0	 	 	 
11,1862936	1	3,1	0,26352745399	-0,000983867435401
11,1926944	0	 	 	 
11,3760944	1	3,15	0,262270553442	-0,0122605503737
11,3820256	0	 	 	 
11,5675944	1	3,2	0,260621471643	-0,00496223604614
11,5735056	0	 	 	 
11,7597952	1	3,25	0,260212869085	0,00071040610947
11,7654952	0	 	 	 
11,9518952	1	3,3	0,259929711381	-0,00365843009758
11,9585952	0	 	 	 
12,144516	1	3,35	0,249402232303	-0,105649381708
12,151996	0	 	 	 
12,3543184	1	3,4	0,262260584812	0,228225219821
12,3610368	0	 	 	 
12,5313344	1	3,45	0,271169383711	-0,127569924261
12,537532	0	 	 	 
12,7244976	1	3,5	0,258756914139	-0,000948029182909
12,7309976	0	 	 	 
12,9177976	1	3,55	0,25747706859	-0,012294035476
12,9238336	0	 	 	 
13,1128984	1	3,6	0,255755570435	-0,00535323356956
13,1189144	0	 	 	 
13,3087992	1	3,65	0,255297455848	0,000676227789166
13,3145984	0	 	 	 
13,5045984	1	3,7	0,255038850509	-0,00331776400823
13,5113984	0	 	 	 
13,7008976	1	3,75	0,244732397469	-0,101689826855
13,7084976	0	 	 	 
13,9146992	1	3,8	0,257436299415	0,220528057684
13,9214992	0	 	 	 
14,0949984	1	3,85	0,266257996756	-0,122671857098
14,1012992	0	 	 	 
14,2916992	1	3,9	0,254129121746	-0,000651230649792
14,2982992	0	 	 	 
14,4884992	1	3,95	0,252894819436	-0,0118924920185
14,494632	0	 	 	 
14,6871376	1	4	0,251165789522	-0,00551632635254
14,6932992	0	 	 	 
14,8866464	1	4,05	0,250632599004	0,000171293766233
14,8926	0	 	 	 
15,086128	1	4,1	0,250380156966	-0,00270227444592
15,0931008	0	 	 	 
15,28604	1	4,15	0,24029753716	-0,098168306668
15,293744	0	 	 	 
15,5038016	1	4,2	0,252761946575	0,212645876774
15,5107184	0	 	 	 
15,687432	1	4,25	0,261408255815	-0,118475094162
15,6938416	0	 	 	 
15,8878016	1	4,3	0,249457234616	-0,000814670339136
15,8945248	0	 	 	 
16,0883024	1	4,35	0,248190777418	-0,0118182687673
16,0946016	0	 	 	 
16,290736	1	4,4	0,246475652036	-0,0051267974859
16,2970032	0	 	 	 
16,4940256	1	4,45	0,245962283647	7,61860590192E-005
16,5001024	0	 	 	 
16,6973024	1	4,5	0,245713340437	-0,00252548878515
16,7043376	0	 	 	 
16,9010048	1	4,55	0,235868871899	-0,0941299118223
16,9088048	0	 	 	 
17,1228032	1	4,6	0,248105190554	0,204467215024
17,1298352	0	 	 	 
17,3099056	1	4,65	0,256580830962	-0,113868265912
17,3164064	0	 	 	 
17,5140208	1	4,7	0,244837960205	-0,00119294223708
17,5209072	0	 	 	 
17,7183392	1	4,75	0,243550649201	-0,0114080863977
17,724744	0	 	 	 
17,924632	1	4,8	 	 
17,931008	0	 	 	 
