Vernier Format 2
Untitled.cmbl 11.10.2021 16:27:26 ,
Latest
Time	GateState	Distance	Velocity	Acceleration
t	State	d	v	acc
s		m	m/s	m/s²

0,057484	1	0	 	 
0,064784	0	 	 	 
0,2622032	1	0,05	0,268720716758	0,239193320756
0,2688248	0	 	 	 
0,4349836	1	0,1	0,277822072545	-0,133841605088
0,4410904	0	 	 	 
0,6235168	1	0,15	0,265111413282	-0,000995752606164
0,6299836	0	 	 	 
0,8121836	1	0,2	0,263878864115	-0,012070130392
0,8181836	0	 	 	 
1,0024928	1	0,25	0,262193853969	-0,00563800085721
1,0084844	0	 	 	 
1,193584	1	0,3	0,261649143429	-6,30522536894E-005
1,1993152	0	 	 	 
1,384684	1	0,35	0,261234032156	-0,00428138806955
1,3913908	0	 	 	 
1,5763844	1	0,4	0,250546273401	-0,107223426265
1,583814	0	 	 	 
1,7852864	1	0,45	0,263344132726	0,229748431533
1,7920836	0	 	 	 
1,9615928	1	0,5	0,272315750769	-0,127975404093
1,9678292	0	 	 	 
2,1538924	1	0,55	0,259877827669	-0,00138443960604
2,160484	0	 	 	 
2,3463892	1	0,6	0,258526028293	-0,0126604627063
2,3525092	0	 	 	 
2,540718	1	0,65	0,256810873662	-0,00499162623833
2,546796	0	 	 	 
2,7357836	1	0,7	0,256423220001	0,00101702834396
2,7416316	0	 	 	 
2,9306984	1	0,75	0,25614811276	-0,00383987443429
2,937584	0	 	 	 
3,1261844	1	0,8	0,245750403431	-0,102538171354
3,1337836	0	 	 	 
3,3391004	1	0,85	0,258389229144	0,221259410836
3,345988	0	 	 	 
3,5187836	1	0,9	0,267242210372	-0,122719522536
3,525116	0	 	 	 
3,714692	1	0,95	0,255036727605	-0,00188445327697
3,721384	0	 	 	 
3,9108844	1	1	0,253667367348	-0,0120749076005
3,9170844	0	 	 	 
4,1089264	1	1,05	0,251893108033	-0,00584310287159
4,1151228	0	 	 	 
4,3078824	1	1,1	0,251408970432	0,00097632226117
4,313884	0	 	 	 
4,5066848	1	1,15	0,251173105607	-0,0033491791709
4,513684	0	 	 	 
4,7060156	1	1,2	0,241017602775	-0,0985467930808
4,7137836	0	 	 	 
4,923104	1	1,25	0,253443773935	0,213027080006
4,9301264	0	 	 	 
5,1062844	1	1,3	0,262137278306	-0,118109672123
5,1127292	0	 	 	 
5,3060108	1	1,35	0,250170352834	-0,00172351439431
5,3128304	0	 	 	 
5,5060124	1	1,4	0,248780627863	-0,0121736241449
5,512384	0	 	 	 
5,7079908	1	1,45	0,246993924109	-0,00551840385153
5,7143132	0	 	 	 
5,9108848	1	1,5	0,246491710782	0,000567904313383
5,916998	0	 	 	 
6,113684	1	1,55	0,24629985849	-0,00245994622083
6,1207928	0	 	 	 
6,3168948	1	1,6	0,236380929893	-0,0951621151722
6,3248148	0	 	 	 
6,5382836	1	1,65	0,248527296521	0,204890941812
6,5454124	0	 	 	 
6,7250848	1	1,7	0,257039885636	-0,113750316206
6,7316848	0	 	 	 
6,9287888	1	1,75	0,245278162699	-0,00172825012436
6,9357848	0	 	 	 
7,1327856	1	1,8	0,243857229391	-0,0122026871018
7,1392856	0	 	 	 
7,3388864	1	1,85	0,242073497899	-0,0051066245757
7,345292	0	 	 	 
7,5458872	1	1,9	0,241545426967	4,50968738299E-006
7,5521304	0	 	 	 
7,7528872	1	1,95	0,24130901467	-0,00228868647411
7,760188	0	 	 	 
7,9602944	1	2	0,231609658303	-0,0912409148748
7,9683888	0	 	 	 
8,1862296	1	2,05	0,243494724863	0,196448660809
8,1935888	0	 	 	 
8,3769064	1	2,1	0,251734074485	-0,110026509583
8,3836888	0	 	 	 
8,5849912	1	2,15	0,240157988962	-0,0012366439362
8,5920904	0	 	 	 
8,7932992	1	2,2	0,238784640586	-0,0119491038615
8,7999288	0	 	 	 
9,0038016	1	2,25	0,236963675847	-0,00535202656647
9,0103936	0	 	 	 
9,2153096	1	2,3	0,236404384263	6,3417309838E-005
9,2216992	0	 	 	 
9,4268056	1	2,35	0,236175271452	-0,00223000969251
9,4342904	0	 	 	 
9,6387248	1	2,4	0,226755527742	-0,0866693794113
9,6469912	0	 	 	 
9,8693952	1	2,45	0,238478060866	0,188308194996
9,876892	0	 	 	 
10,064092	1	2,5	0,246566173758	-0,105224005712
10,0709928	0	 	 	 
10,2765048	1	2,55	0,235182925917	-0,00195642635986
10,2837928	0	 	 	 
10,4892936	1	2,6	0,233756862554	-0,0114471302439
10,4960928	0	 	 	 
10,7043232	1	2,65	0,231902274223	-0,00580247940732
10,7110944	0	 	 	 
10,920516	1	2,7	0,231213477962	-0,000569576097781
10,9270944	0	 	 	 
11,136824	1	2,75	0,230905600462	-0,00227708237073
11,1444416	0	 	 	 
11,3535944	1	2,8	0,221688598393	-0,0827622225243
11,3620032	0	 	 	 
11,5895264	1	2,85	0,23313642048	0,179805625601
11,5971952	0	 	 	 
11,788696	1	2,9	0,241025404223	-0,100586871915
11,7957128	0	 	 	 
12,005996	1	2,95	0,229885446232	-0,00194380448125
12,0133976	0	 	 	 
12,223696	1	3	0,228406080039	-0,0116470654641
12,2306192	0	 	 	 
12,44384	1	3,05	0,226452462348	-0,00610147813352
12,4507392	0	 	 	 
12,6652976	1	3,1	0,225691312044	-0,000772526675741
12,6719976	0	 	 	 
12,8869232	1	3,15	0,225327008703	-0,00251502982236
12,8947312	0	 	 	 
13,1090984	1	3,2	0,216329776905	-0,078477194313
13,117708	0	 	 	 
13,3508256	1	3,25	0,227608181018	0,171792337268
13,3587	0	 	 	 
13,5548	1	3,3	0,235312433629	-0,0962509692208
13,5620256	0	 	 	 
13,7774192	1	3,35	0,224366245849	-0,00208904619369
13,7850288	0	 	 	 
14,0005008	1	3,4	0,222937451482	-0,0107205657817
14,0076016	0	 	 	 
14,2260016	1	3,45	0,221135679203	-0,00525961946699
14,2330304	0	 	 	 
14,4527184	1	3,5	0,220409726782	-0,00114442664487
14,4596016	0	 	 	 
14,6797024	1	3,55	0,2200785407	-0,00177371808783
14,6877024	0	 	 	 
14,9071024	1	3,6	0,211326126249	-0,0752044213262
14,9160032	0	 	 	 
15,1546032	1	3,65	0,222365744193	0,164413166868
15,1626048	0	 	 	 
15,3633488	1	3,7	0,229833512548	-0,0928641775235
15,3707504	0	 	 	 
15,5914048	1	3,75	0,2189815479	-0,00230511990974
15,5992048	0	 	 	 
15,8200096	1	3,8	0,217487093604	-0,0107694462967
15,8273056	0	 	 	 
16,051232	1	3,85	0,215569042738	-0,00582108183659
16,0585056	0	 	 	 
16,2839072	1	3,9	0,214742157831	-0,00128655066582
16,2909168	0	 	 	 
16,5169072	1	3,95	0,214360934618	-0,00198575158984
16,5251072	0	 	 	 
16,7504112	1	4	0,205818979632	-0,071177491744
16,7595168	0	 	 	 
17,0045072	1	4,05	0,216590628763	0,155961582251
17,0127296	0	 	 	 
17,2188208	1	4,1	0,223863572526	-0,088089606203
17,2264144	0	 	 	 
17,4529568	1	4,15	0,213225704322	-0,00277953142422
17,4610096	0	 	 	 
17,6878096	1	4,2	0,211665866481	-0,0105040048273
17,6953104	0	 	 	 
17,925432	1	4,25	 	 
17,9329104	0	 	 	 
