Vernier Format 2
Untitled.cmbl 11.10.2021 16:23:20 ,
Latest
Time	GateState	Distance	Velocity	Acceleration
t	State	d	v	acc
s		m	m/s	m/s²

0,062484	1	0	 	 
0,0786248	0	 	 	 
0,4661836	1	0,05	0,126392593464	0,0125743174239
0,4800836	0	 	 	 
0,854284	1	0,1	0,148127331419	0,0994314313691
0,866984	0	 	 	 
1,160384	1	0,15	0,173888363353	0,0688863205682
1,1704248	0	 	 	 
1,433184	1	0,2	0,193152739514	0,0723481087679
1,4409844	0	 	 	 
1,6805836	1	0,25	0,211102836563	0,0727620454012
1,687984	0	 	 	 
1,908484	1	0,3	0,228203211713	0,0773068017787
1,915394	0	 	 	 
2,1200084	1	0,35	0,242352332642	0,0564755980682
2,1270836	0	 	 	 
2,3215852	1	0,4	0,267380987741	0,191853129237
2,3279836	0	 	 	 
2,497484	1	0,45	0,268716920727	-0,176663338448
2,504084	0	 	 	 
2,696584	1	0,5	0,268682906976	0,1763216634
2,7035844	0	 	 	 
2,8725204	1	0,55	0,290176582992	0,0680129486129
2,8785836	0	 	 	 
3,0414836	1	0,6	0,302119135265	0,0733498128981
3,0464836	0	 	 	 
3,2037836	1	0,65	0,313567638456	0,0677284765827
3,20873	0	 	 	 
3,3605836	1	0,7	0,32523093758	0,0810380938729
3,3654848	0	 	 	 
3,5114836	1	0,75	0,335069168028	0,0493559478474
3,5165836	0	 	 	 
3,6591016	1	0,8	0,36037674607	0,293523349287
3,663884	0	 	 	 
3,7907836	1	0,85	0,35623485024	-0,356430896717
3,7957836	0	 	 	 
3,9426836	1	0,9	0,348568589174	0,255492633834
3,948084	0	 	 	 
4,0792884	1	0,95	0,370907367692	0,071564373215
4,0840124	0	 	 	 
4,212384	1	1	0,380625962216	0,0744749327341
4,2163844	0	 	 	 
4,3421004	1	1,05	0,389289350476	0,0590993610222
4,3461192	0	 	 	 
4,4693112	1	1,1	0,398370395073	0,0836722369498
4,4732984	0	 	 	 
4,5932104	1	1,15	0,406057229304	0,0404098270286
4,5974212	0	 	 	 
4,7156004	1	1,2	0,43295622391	0,399152140546
4,7195836	0	 	 	 
4,8255164	1	1,25	0,425593086578	-0,533129674871
4,8297136	0	 	 	 
4,9532128	1	1,3	0,412707787886	0,331318211245
4,9577836	0	 	 	 
5,068984	1	1,35	0,436052661269	0,0719750669229
5,0729836	0	 	 	 
5,182584	1	1,4	0,444529434737	0,0772639025857
5,1859836	0	 	 	 
5,293984	1	1,45	0,452126874301	0,0591353714446
5,2974264	0	 	 	 
5,403784	1	1,5	0,460218689129	0,0882565197863
5,4072856	0	 	 	 
5,5113192	1	1,55	0,466626415886	0,0309179785395
5,514984	0	 	 	 
5,6180936	1	1,6	0,495076468091	0,501982271062
5,6215844	0	 	 	 
5,7143872	1	1,65	0,485021560498	-0,710820814713
5,7180836	0	 	 	 
5,8267224	1	1,7	0,468046286062	0,408595431476
5,8307276	0	 	 	 
5,9289848	1	1,75	0,492952956198	0,0785175276601
5,9325068	0	 	 	 
6,029608	1	1,8	0,500812218397	0,0776942047945
6,0326244	0	 	 	 
6,1286844	1	1,85	0,507713359757	0,0616152848564
6,131722	0	 	 	 
6,2265836	1	1,9	0,515279448246	0,0929536695246
6,229684	0	 	 	 
6,3227836	1	1,95	0,521109622301	0,0282557702855
6,326026	0	 	 	 
6,4184844	1	2	0,551286396033	0,602392536346
6,4215836	0	 	 	 
6,505084	1	2,05	0,538754993445	-0,891802708862
6,5083836	0	 	 	 
6,6063836	1	2,1	0,518446301974	0,490839793487
6,6099836	0	 	 	 
6,698784	1	2,15	0,544707689893	0,0775860557409
6,7019948	0	 	 	 
6,789984	1	2,2	0,552212927776	0,0870024943163
6,7927176	0	 	 	 
6,879892	1	2,25	0,558654472829	0,0562894275053
6,8826928	0	 	 	 
6,9689928	1	2,3	0,565703091899	0,101927312854
6,9718	0	 	 	 
7,0566856	1	2,35	0,570987154139	0,0185857107985
7,0596856	0	 	 	 
7,1441288	1	2,4	0,602780423022	0,708589618618
7,1469856	0	 	 	 
7,2233856	1	2,45	0,588419311578	-1,07098404898
7,2263864	0	 	 	 
7,3161984	1	2,5	0,564890014297	0,563957059573
7,3195176	0	 	 	 
7,401112	1	2,55	0,591790040158	0,0696287467277
7,4040856	0	 	 	 
7,4851856	1	2,6	0,598847120301	0,0982498773305
7,4876856	0	 	 	 
7,5681152	1	2,65	0,604971556801	0,049452185614
7,5707016	0	 	 	 
7,6504864	1	2,7	0,611401873575	0,106678034026
7,6530864	0	 	 	 
7,7316904	1	2,75	0,615004853541	-0,0179390564908
7,7344872	0	 	 	 
7,8130872	1	2,8	0,644456066353	0,741584526877
7,8157184	0	 	 	 
7,8874872	1	2,85	0,624195285266	-1,28622917975
7,8903072	0	 	 	 
7,9755872	1	2,9	0,591664244691	0,547726556027
7,9787176	0	 	 	 
8,0570248	1	2,95	0,61383139874	-0,00333050189614
8,059888	0	 	 	 
8,1384984	1	3	0,614388030373	0,0169946000338
8,140988	0	 	 	 
8,2197888	1	3,05	0,614487283038	-0,0145526717069
8,2223192	0	 	 	 
8,301236	1	3,1	0,615010182293	0,0273928738143
8,3038184	0	 	 	 
8,3823888	1	3,15	0,613691030496	-0,0599031950081
8,3851272	0	 	 	 
8,4641896	1	3,2	0,641104388012	0,730149880048
8,466824	0	 	 	 
8,5389936	1	3,25	0,62073593262	-1,27473186477
8,5418904	0	 	 	 
8,6276056	1	3,3	0,588253961187	0,541603813657
8,630792	0	 	 	 
8,7095144	1	3,35	0,610554332215	0,00291328409745
8,7123912	0	 	 	 
8,7913912	1	3,4	0,611617715688	0,023061924336
8,7938912	0	 	 	 
8,873016	1	3,45	0,611951371568	-0,0148865688065
8,875592	0	 	 	 
8,9548032	1	3,5	0,612781865362	0,0351952184168
8,9573952	0	 	 	 
9,036208	1	3,55	0,611627895656	-0,0635466106055
9,0390056	0	 	 	 
9,1183072	1	3,6	0,638624198764	0,721197430769
9,1209928	0	 	 	 
9,1934152	1	3,65	0,618207150057	-1,26486917563
9,1963096	0	 	 	 
9,2823936	1	3,7	0,586017593489	0,541332754032
9,2855952	0	 	 	 
9,3645944	1	3,75	0,608269546162	7,2017526139E-005
9,3674952	0	 	 	 
9,4467944	1	3,8	0,609379617604	0,026937019987
9,4492248	0	 	 	 
9,5286968	1	3,85	0,60971934885	-0,018641017782
9,5312952	0	 	 	 
9,6108048	1	3,9	0,610397098913	0,0351497639025
9,613408	0	 	 	 
9,6925264	1	3,95	0,609275493959	-0,0625991764015
9,6953352	0	 	 	 
9,77494	1	4	0,635895819378	0,708616955478
9,7776224	0	 	 	 
9,8503968	1	4,05	0,615585996383	-1,24693352853
9,8532968	0	 	 	 
9,9396968	1	4,1	0,583864017453	0,536474873896
9,9428968	0	 	 	 
10,0222056	1	4,15	0,605960718456	-0,000854406675032
10,0250984	0	 	 	 
10,104724	1	4,2	0,606748270793	0,0199423273541
10,1072144	0	 	 	 
10,1870192	1	4,25	0,606888970945	-0,016522926164
10,1895992	0	 	 	 
10,2694992	1	4,3	0,607825581779	0,0392341491046
10,2721	0	 	 	 
10,3515424	1	4,35	0,606807292456	-0,0640573964625
10,3544	0	 	 	 
10,4343024	1	4,4	0,633485881363	0,708779216357
10,4370016	0	 	 	 
10,5100232	1	4,45	0,613268510802	-1,24277702306
10,5129408	0	 	 	 
10,5997024	1	4,5	0,581238224875	0,528446700603
10,6029144	0	 	 	 
10,6826016	1	4,55	0,603136308918	-0,0001404191679
10,6855024	0	 	 	 
10,7655024	1	4,6	0,604230678483	0,0265423251835
10,7680024	0	 	 	 
10,8481024	1	4,65	0,603465243586	-0,0450758577937
10,8507024	0	 	 	 
10,9312152	1	4,7	0,591379339933	-0,245755485957
10,9339024	0	 	 	 
11,0173032	1	4,75	0,562455643005	-0,42620104522
11,0204072	0	 	 	 
11,1094136	1	4,8	0,569001083401	0,56832268177
11,1124112	0	 	 	 
11,193736	1	4,85	0,549680711799	-1,02657272212
11,197004	0	 	 	 
11,2941048	1	4,9	0,502094888193	0,0783532832834
11,2977048	0	 	 	 
11,3929256	1	4,95	0,470534907959	-0,717084810124
11,3967056	0	 	 	 
11,509552	1	5	0,387334386826	-0,70970228324
11,5134056	0	 	 	 
11,6591392	1	5,05	0,279848372503	-0,727399478456
11,6648464	0	 	 	 
11,9412144	1	5,1	 	 
11,9605072	0	 	 	 
