Vernier Format 2
Untitled.cmbl 11.10.2021 16:20:52 ,
Latest
Time	GateState	Distance	Velocity	Acceleration
t	State	d	v	acc
s		m	m/s	m/s²

2,1060836	1	0	 	 
2,1382928	0	 	 	 
2,8544136	1	0,05	0,0794493169651	0,0337655167641
2,8733288	0	 	 	 
3,416588	1	0,1	0,0977186260508	0,0312296487422
3,4325832	0	 	 	 
3,892126	1	0,15	0,112653550171	0,0315830985873
3,9061832	0	 	 	 
4,3113308	1	0,2	0,124623821409	0,0255263201923
4,3250832	0	 	 	 
4,6972828	1	0,25	0,142546079706	0,067346670733
4,709284	0	 	 	 
5,0229868	1	0,3	0,147254472905	-0,0384345714094
5,0350836	0	 	 	 
5,3790836	1	0,35	0,15285560385	0,0698930453101
5,39133	0	 	 	 
5,6848192	1	0,4	0,16901838335	0,0358373930196
5,6951872	0	 	 	 
5,9719072	1	0,45	0,179238949851	0,03536423506
5,9803188	0	 	 	 
6,2435832	1	0,5	0,188254710572	0,0310071832534
6,2518836	0	 	 	 
6,5036124	1	0,55	0,196775286868	0,0345283511825
6,5116828	0	 	 	 
6,752284	1	0,6	0,203827549177	0,0221911319362
6,760684	0	 	 	 
6,9943984	1	0,65	0,220847167839	0,118400412084
7,0021848	0	 	 	 
7,2085104	1	0,7	0,219837285222	-0,127833630377
7,216632	0	 	 	 
7,4533856	1	0,75	0,217327220181	0,107332860675
7,4620056	0	 	 	 
7,6716856	1	0,8	0,233064193106	0,0368446283273
7,679192	0	 	 	 
7,8826992	1	0,85	0,240853905636	0,0369867505964
7,8889864	0	 	 	 
8,0870864	1	0,9	0,247730255681	0,0303007316502
8,0933872	0	 	 	 
8,2864872	1	0,95	0,254530911818	0,0379101896311
8,2926872	0	 	 	 
8,4801344	1	1	0,259945362412	0,0180105837585
8,4867184	0	 	 	 
8,6712176	1	1,05	0,277624852954	0,167034365685
8,6773888	0	 	 	 
8,842492	1	1,1	0,273384504764	-0,216549625287
8,8490232	0	 	 	 
9,0409896	1	1,15	0,266232982678	0,144493115928
9,0479952	0	 	 	 
9,2200904	1	1,2	0,282480554678	0,0369418302048
9,2262896	0	 	 	 
9,3950912	1	1,25	0,289094667325	0,0386476830611
9,4003168	0	 	 	 
9,5660904	1	1,3	0,29485073614	0,0286750741878
9,5713904	0	 	 	 
9,734292	1	1,35	0,30064406102	0,0402104165504
9,7395912	0	 	 	 
9,898792	1	1,4	0,305261454928	0,0159281112097
9,904392	0	 	 	 
10,061892	1	1,45	0,324167870276	0,215910213106
10,067128	0	 	 	 
10,2089328	1	1,5	0,317755492887	-0,303129235159
10,2145928	0	 	 	 
10,3802928	1	1,55	0,307385406748	0,182096483763
10,3863936	0	 	 	 
10,5357928	1	1,6	0,324408277504	0,036847191563
10,5411936	0	 	 	 
10,6885936	1	1,65	0,330276767126	0,0399650976646
10,6931944	0	 	 	 
10,83862	1	1,7	0,335370376468	0,0279377426579
10,8432944	0	 	 	 
10,9867944	1	1,75	0,340688076923	0,0438384947442
10,991436	0	 	 	 
11,132196	1	1,8	0,344590999857	0,00984623683143
11,137196	0	 	 	 
11,276996	1	1,85	0,364542517047	0,265727205021
11,281696	0	 	 	 
11,407908	1	1,9	0,35634354409	-0,39098650832
11,4129288	0	 	 	 
11,561096	1	1,95	0,343093495347	0,217995820496
11,5665264	0	 	 	 
11,7006424	1	2	0,360780793125	0,0355011923649
11,7055024	0	 	 	 
11,8382984	1	2,05	0,366137894332	0,0423319744714
11,8424256	0	 	 	 
11,9737976	1	2,1	0,370939840585	0,0285458794623
11,9779984	0	 	 	 
12,1078984	1	2,15	0,375827969376	0,0443564267391
12,1121128	0	 	 	 
12,2399096	1	2,2	0,379179492607	0,00641991997131
12,24442	0	 	 	 
12,3716264	1	2,25	0,400388018704	0,315612290005
12,3758984	0	 	 	 
12,4908984	1	2,3	0,390843238076	-0,475662941084
12,4954984	0	 	 	 
12,630724	1	2,35	0,375209591569	0,252046571731
12,6357208	0	 	 	 
12,7584992	1	2,4	0,393768253074	0,0384426860376
12,7629224	0	 	 	 
12,8847	1	2,45	0,399007558158	0,044588563915
12,8884992	0	 	 	 
13,0091456	1	2,5	0,403401361315	0,0260254739717
13,0130232	0	 	 	 
13,1326	1	2,55	0,408107039291	0,0502079851146
13,1364456	0	 	 	 
13,2542072	1	2,6	0,411182860523	0,000378184655231
13,2584008	0	 	 	 
13,3758008	1	2,65	0,433506260025	0,36680231666
13,379712	0	 	 	 
13,4860016	1	2,7	0,42274116817	-0,562174616235
13,4902272	0	 	 	 
13,6154128	1	2,75	0,40361521127	0,266590356151
13,6200496	0	 	 	 
13,7346016	1	2,8	0,419657539718	0,00260152173083
13,7388016	0	 	 	 
13,8537024	1	2,85	0,420506755956	0,0116589406392
13,8573024	0	 	 	 
13,9724112	1	2,9	0,420698137717	-0,00843455018639
13,9761296	0	 	 	 
14,0914032	1	2,95	0,421068998953	0,0146679311896
14,0951392	0	 	 	 
14,209904	1	3	0,420008091383	-0,0325734233067
14,2140032	0	 	 	 
14,329504	1	3,05	0,438188777951	0,336598282309
14,3334048	0	 	 	 
14,4390048	1	3,1	0,423933761988	-0,596961968473
14,4432048	0	 	 	 
14,5688112	1	3,15	0,401300763671	0,248242670853
14,573504	0	 	 	 
14,6889424	1	3,2	0,416158966066	-0,000876418038692
14,6932048	0	 	 	 
14,809104	1	3,25	0,416905967557	0,0133096994039
14,8127056	0	 	 	 
14,9288064	1	3,3	0,417357268721	-0,00576931318485
14,932528	0	 	 	 
15,0487072	1	3,35	0,417710484549	0,011661114219
15,0525136	0	 	 	 
15,168208	1	3,4	0,416678356462	-0,028935108828
15,1723088	0	 	 	 
15,2887088	1	3,45	0,434747138974	0,328829923012
15,2926224	0	 	 	 
15,3991088	1	3,5	0,420446679	-0,587896226894
15,4034096	0	 	 	 
15,5300096	1	3,55	0,398019075905	0,245230588569
15,5347152	0	 	 	 
15,6511136	1	3,6	0,412881916673	0,000225230687343
15,6554096	0	 	 	 
15,7722096	1	3,65	0,413743607066	0,0140062945945
15,7758144	0	 	 	 
15,8928112	1	3,7	0,414182374034	-0,00672999032453
15,8966112	0	 	 	 
16,0136496	1	3,75	0,414555370521	0,012903466411
16,017512	0	 	 	 
16,1340352	1	3,8	0,413448207039	-0,0312970862808
16,1382128	0	 	 	 
16,255528	1	3,85	0,425931679378	0,236798520763
16,2595136	0	 	 	 
16,3693184	1	3,9	0,39428684712	-0,792993634914
16,3738384	0	 	 	 
16,5185136	1	3,95	0,298629682197	-0,489315245296
16,524448	0	 	 	 
16,7188144	1	4	 	 
16,7285408	0	 	 	 
