Vernier Format 2
Untitled.cmbl 11.10.2021 16:35:22 ,
Latest
Time	GateState	Distance	Velocity	Acceleration
t	State	d	v	acc
s		m	m/s	m/s²

0,7854832	1	0	 	 
0,8103856	0	 	 	 
1,3780832	1	0,05	0,0937861229283	0,0317657023377
1,3967216	0	 	 	 
1,870198	1	0,1	0,111128030627	0,038713412287
1,8837132	0	 	 	 
2,2895048	1	0,15	0,12742568094	0,0390227480249
2,3016832	0	 	 	 
2,6607832	1	0,2	0,139604203974	0,0265804383411
2,6718832	0	 	 	 
3,0074948	1	0,25	0,148146895551	0,0226979335238
3,0190068	0	 	 	 
3,3366956	1	0,3	0,164337887133	0,0756675114045
3,3470164	0	 	 	 
3,6221832	1	0,35	0,165614999268	-0,0667206280029
3,632884	0	 	 	 
3,9450916	1	0,4	0,164799308714	0,0616684797559
3,9563832	0	 	 	 
4,2329836	1	0,45	0,178153080205	0,0311008329821
4,242788	0	 	 	 
4,5070832	1	0,5	0,188041182455	0,0410488691636
4,5150108	0	 	 	 
4,7656832	1	0,55	0,198337465704	0,0385820917783
4,7734836	0	 	 	 
5,0118832	1	0,6	0,206056267852	0,0241214187602
5,0194064	0	 	 	 
5,2511836	1	0,65	0,211005779237	0,0172450928335
5,259226	0	 	 	 
5,4858928	1	0,7	0,227134795267	0,120193201277
5,4933836	0	 	 	 
5,6945112	1	0,75	0,22485048529	-0,142092611661
5,7023876	0	 	 	 
5,9351832	1	0,8	0,219190797695	0,0950602390175
5,9436052	0	 	 	 
6,1530064	1	0,85	0,232981674176	0,0315642571825
6,1604832	0	 	 	 
6,3645832	1	0,9	0,240727237473	0,0416532534137
6,3707972	0	 	 	 
6,5686832	1	0,95	0,248788359637	0,0373386345163
6,5748988	0	 	 	 
6,7667144	1	1	0,255839134012	0,0338700879042
6,772884	0	 	 	 
6,9596848	1	1,05	0,260728247937	0,016802076575
6,9661848	0	 	 	 
7,1502848	1	1,1	0,27808328442	0,165307435319
7,1563856	0	 	 	 
7,3213856	1	1,15	0,273231388272	-0,222021327339
7,3278312	0	 	 	 
7,5204864	1	1,2	0,264033113405	0,129623156493
7,5274864	0	 	 	 
7,701788	1	1,25	0,278607012403	0,0311465112637
7,7080336	0	 	 	 
7,8794872	1	1,3	0,285160694232	0,0426150119077
7,8847328	0	 	 	 
8,052588	1	1,35	0,2919984531	0,0363881916276
8,0578888	0	 	 	 
8,2220328	1	1,4	0,298771931377	0,0435608924097
8,2272944	0	 	 	 
8,3873912	1	1,45	0,303699965856	0,0160433911211
8,3929904	0	 	 	 
8,5513176	1	1,5	0,322402009754	0,212132715937
8,5565912	0	 	 	 
8,699208	1	1,55	0,315554454009	-0,304735829385
8,7048232	0	 	 	 
8,8720912	1	1,6	0,303617927642	0,166648075716
8,8781912	0	 	 	 
9,0299344	1	1,65	0,319323365621	0,0323524257821
9,035392	0	 	 	 
9,1852928	1	1,7	0,325421927481	0,0461571605681
9,1898928	0	 	 	 
9,3373008	1	1,75	0,331606634436	0,0352162797165
9,3419936	0	 	 	 
9,4868936	1	1,8	0,337776178542	0,0472682262968
9,4915016	0	 	 	 
9,6334184	1	1,85	0,342097958306	0,011722193947
9,6383952	0	 	 	 
9,7792112	1	1,9	0,361942595022	0,260508488449
9,783896	0	 	 	 
9,9110952	1	1,95	0,353631406807	-0,386546343161
9,916096	0	 	 	 
10,0655184	1	2	0,33934389543	0,20150275675
10,070996	0	 	 	 
10,2069248	1	2,05	0,355930623701	0,0330938141444
10,2118016	0	 	 	 
10,346496	1	2,1	0,361631966977	0,0486041762036
10,350596	0	 	 	 
10,4834968	1	2,15	0,367368112525	0,0351346858844
10,4876984	0	 	 	 
10,6187256	1	2,2	0,373052842769	0,0489410471566
10,622932	0	 	 	 
10,7515968	1	2,25	0,376975077004	0,010097092559
10,7560968	0	 	 	 
10,8839968	1	2,3	0,398212649466	0,310712159123
10,8882264	0	 	 	 
11,0039448	1	2,35	0,388394252534	-0,474423049368
11,0084984	0	 	 	 
11,1447968	1	2,4	0,37192767022	0,240609084161
11,149736	0	 	 	 
11,2738448	1	2,45	0,389541910428	0,032378334586
11,2783	0	 	 	 
11,4015232	1	2,5	0,39459403162	0,0467598938428
11,4053064	0	 	 	 
11,5272984	1	2,55	0,39970093088	0,0344468823784
11,5311968	0	 	 	 
11,6517248	1	2,6	0,404864693366	0,0485541927231
11,6555992	0	 	 	 
11,7743216	1	2,65	0,408039547638	0,0032392353651
11,7784992	0	 	 	 
11,8967992	1	2,7	0,430159674331	0,357971740233
11,9007	0	 	 	 
12,0078992	1	2,75	0,41903554535	-0,558226087322
12,012108	0	 	 	 
12,1385992	1	2,8	0,39884696488	0,249296011268
12,1432008	0	 	 	 
12,2594	1	2,85	0,413733439229	-0,00283283637071
12,2636	0	 	 	 
12,3803008	1	2,9	0,414422692265	0,0142347962601
12,3839008	0	 	 	 
12,5007016	1	2,95	0,415236876526	-0,000710230626233
12,5044016	0	 	 	 
12,6211272	1	3	0,416150862708	0,0158894978608
12,6249016	0	 	 	 
12,7410016	1	3,05	0,415281953572	-0,0303864903033
12,7451016	0	 	 	 
12,8619368	1	3,1	0,433036181418	0,324002043854
12,8658312	0	 	 	 
12,9728024	1	3,15	0,418503245598	-0,586174184177
12,977004	0	 	 	 
13,1044048	1	3,2	0,395094587481	0,230425989359
13,1091024	0	 	 	 
13,2266024	1	3,25	0,4091679816	-8,76828978704E-005
13,2308104	0	 	 	 
13,3488032	1	3,3	0,410002144817	0,0137400193267
13,3524136	0	 	 	 
13,4705056	1	3,35	0,41067639649	-0,0026596844533
13,474304	0	 	 	 
13,592304	1	3,4	0,41162069598	0,0181656268844
13,596104	0	 	 	 
13,7134512	1	3,45	0,410696430293	-0,0334241832002
13,7176048	0	 	 	 
13,8358048	1	3,5	0,428274184351	0,320751308166
13,8397056	0	 	 	 
13,9478512	1	3,55	0,413917687885	-0,577011151702
13,9521296	0	 	 	 
14,0810064	1	3,6	0,390657582017	0,22764280758
14,08572	0	 	 	 
14,2045488	1	3,65	0,40452830665	-0,00309278050333
14,2088432	0	 	 	 
14,328208	1	3,7	0,405189961152	0,013794038514
14,3319072	0	 	 	 
14,4513488	1	3,75	0,405944368313	-0,00154128133251
14,4551504	0	 	 	 
14,5745472	1	3,8	0,406831600113	0,0159445820225
14,5784064	0	 	 	 
14,6971536	1	3,85	0,405925066765	-0,0307322822965
14,7013216	0	 	 	 
14,8209088	1	3,9	0,423225106307	0,310317132739
14,8249072	0	 	 	 
14,9343328	1	3,95	0,408975761796	-0,561575147106
14,9387088	0	 	 	 
15,0690496	1	4	0,38600983264	0,220623919694
15,0738496	0	 	 	 
15,1941104	1	4,05	0,399736517544	-0,0011037358458
15,1984448	0	 	 	 
15,3192144	1	4,1	0,400430877153	0,0122042539582
15,3229408	0	 	 	 
15,4438432	1	4,15	0,401127027091	-0,00103267984575
15,447712	0	 	 	 
15,568512	1	4,2	0,402097464977	0,0166009356675
15,5724128	0	 	 	 
15,6925424	1	4,25	0,401141705444	-0,0320126336439
15,6967584	0	 	 	 
15,8178128	1	4,3	0,418267346258	0,305431427132
15,8218128	0	 	 	 
15,9325472	1	4,35	0,404201886461	-0,550614385287
15,9369232	0	 	 	 
16,0689136	1	4,4	0,38142904466	0,216619474499
16,073736	0	 	 	 
16,1954528	1	4,45	0,394944889923	-0,00299641913916
16,19984	0	 	 	 
16,3221136	1	4,5	0,395633599868	0,0138712903592
16,3258432	0	 	 	 
16,4482144	1	4,55	0,396442819627	-0,00103679986475
16,4521136	0	 	 	 
16,5743568	1	4,6	0,397242783723	0,0137203082856
16,5783152	0	 	 	 
16,699952	1	4,65	0,396204858572	-0,0302484105004
16,7042192	0	 	 	 
16,8267632	1	4,7	0,412767771053	0,29147001366
16,8308464	0	 	 	 
16,9431168	1	4,75	0,398446392136	-0,537639945947
16,9475216	0	 	 	 
17,0815296	1	4,8	0,374262261339	0,188190606043
17,0865184	0	 	 	 
17,2109168	1	4,85	0,38304560533	-0,0524222457902
17,215432	0	 	 	 
17,3426368	1	4,9	0,372191216508	-0,112387787953
17,3466176	0	 	 	 
17,4798176	1	4,95	0,349401615376	-0,219868637602
17,4842176	0	 	 	 
17,6300176	1	5	0,320521814336	-0,164682641236
17,6349408	0	 	 	 
17,7928224	1	5,05	0,300321441745	-0,0834718676125
17,7985184	0	 	 	 
17,963352	1	5,1	 	 
17,96892	0	 	 	 
