Vernier Format 2
Untitled.cmbl 11.10.2021 16:34:42 ,
Latest
Time	GateState	Distance	Velocity	Acceleration
t	State	d	v	acc
s		m	m/s	m/s²

0,0862856	1	0	 	 
0,1100012	0	 	 	 
0,719984	1	0,05	0,0889680604664	0,0317696012947
0,7387116	0	 	 	 
1,234684	1	0,1	0,102825260777	0,0220761352914
1,249984	0	 	 	 
1,6979112	1	0,15	0,113905273057	0,0257622139268
1,71141	0	 	 	 
2,1170096	1	0,2	0,124998953111	0,0271784799693
2,128984	0	 	 	 
2,5009844	1	0,25	0,135846453316	0,0293226248198
2,5137844	0	 	 	 
2,855484	1	0,3	0,140546079497	-0,0028084838718
2,8687104	0	 	 	 
3,2125128	1	0,35	0,162679156711	0,126793312068
3,2234208	0	 	 	 
3,4898844	1	0,4	0,178336504854	-0,013895321483
3,499284	0	 	 	 
3,7733844	1	0,45	0,180991568667	0,0326259303924
3,782684	0	 	 	 
4,0430844	1	0,5	0,187856351531	0,0182808761677
4,0514088	0	 	 	 
4,3058848	1	0,55	0,19369028223	0,0261173111922
4,31379	0	 	 	 
4,559686	1	0,6	0,200563325783	0,0280435324383
4,567184	0	 	 	 
4,804784	1	0,65	0,20736028333	0,0274196500201
4,8131844	0	 	 	 
5,042184	1	0,7	0,205520456296	-0,0429194565412
5,0512084	0	 	 	 
5,2919844	1	0,75	0,226166963346	0,208223491679
5,2997844	0	 	 	 
5,4942308	1	0,8	0,241168336357	-0,059876000586
5,5012244	0	 	 	 
5,7071844	1	0,85	0,238337666522	0,0332911498482
5,714284	0	 	 	 
5,913984	1	0,9	0,243146971652	0,0132205951475
5,920484	0	 	 	 
6,118484	1	0,95	0,24715241248	0,0259524202824
6,124684	0	 	 	 
6,318684	1	1	0,252708549986	0,0295534489073
6,3245844	0	 	 	 
6,5143028	1	1,05	0,258251161591	0,0271140248252
6,521084	0	 	 	 
6,705984	1	1,1	0,253106735534	-0,0807909222697
6,713384	0	 	 	 
6,910184	1	1,15	0,274222994757	0,287610307411
6,916616	0	 	 	 
7,0777864	1	1,2	0,289653620434	-0,103476599573
7,0835992	0	 	 	 
7,2560848	1	1,25	0,283736279117	0,0371008910117
7,2620848	0	 	 	 
7,43032	1	1,3	0,288448167784	0,0169856387777
7,4357848	0	 	 	 
7,6027856	1	1,35	0,292117523252	0,0255660987068
7,6080856	0	 	 	 
7,7726864	1	1,4	0,296867292625	0,0303461674233
7,7776984	0	 	 	 
7,9396864	1	1,45	0,301692690006	0,0274430227656
7,9454248	0	 	 	 
8,1041872	1	1,5	0,294170331115	-0,11889982894
8,1104872	0	 	 	 
8,2804344	1	1,55	0,316181138249	0,368671821158
8,286032	0	 	 	 
8,4261864	1	1,6	0,332353427455	-0,146756661074
8,431204	0	 	 	 
8,581988	1	1,65	0,323884962973	0,0380483489346
8,5872168	0	 	 	 
8,7349888	1	1,7	0,328271172876	0,0192874284467
8,7397896	0	 	 	 
8,8866264	1	1,75	0,331794442668	0,0271821779236
8,8913032	0	 	 	 
9,0364032	1	1,8	0,336271573702	0,0326018611838
9,0408896	0	 	 	 
9,184036	1	1,85	0,340751579371	0,0280893357479
9,1891896	0	 	 	 
9,3298936	1	1,9	0,331361039388	-0,156852457911
9,3355128	0	 	 	 
9,4865984	1	1,95	0,354694018925	0,454647797142
9,4915952	0	 	 	 
9,6167144	1	2	0,371587887629	-0,194973833855
9,621292	0	 	 	 
9,7563904	1	2,05	0,361062889422	0,0442679401229
9,7610376	0	 	 	 
9,8937144	1	2,1	0,365234941039	0,0164942225937
9,8980192	0	 	 	 
10,030192	1	2,15	0,368357485808	0,0292648582911
10,0343928	0	 	 	 
10,1652056	1	2,2	0,372599942476	0,0335800205757
10,1692368	0	 	 	 
10,298596	1	2,25	0,376667679352	0,0274099288685
10,3032344	0	 	 	 
10,430704	1	2,3	0,365438653413	-0,197407596523
10,4357992	0	 	 	 
10,5729944	1	2,35	0,389883608951	0,541000074127
10,5775184	0	 	 	 
10,6914952	1	2,4	0,407723290027	-0,239910443061
10,6955952	0	 	 	 
10,8189032	1	2,45	0,395135792858	0,0423169297831
10,8231952	0	 	 	 
10,944596	1	2,5	0,398741269462	0,0150527302877
10,9484952	0	 	 	 
11,0696952	1	2,55	0,462662742733	1,00687983635
11,0734368	0	 	 	 
11,1673816	1	2,6	0,442091652161	-1,42804574219
11,197296	0	 	 	 
11,316296	1	2,65	0,377036809204	0,554324423685
11,3205024	0	 	 	 
11,4380176	1	2,7	0,396197210432	-0,239501068953
11,4427032	0	 	 	 
11,5694376	1	2,75	0,421542180868	0,625210556648
11,5736968	0	 	 	 
11,6791272	1	2,8	0,439425226795	-0,299144167006
11,6829976	0	 	 	 
11,7976976	1	2,85	0,422352158298	0,011162200228
11,8016976	0	 	 	 
11,9158976	1	2,9	0,421768915388	-0,0210309465967
11,9195976	0	 	 	 
12,0347984	1	2,95	0,420102524101	-0,00699899579502
12,0384984	0	 	 	 
12,1539352	1	3	0,419577189439	-0,00182002002714
12,1575192	0	 	 	 
12,2731336	1	3,05	0,418822800126	-0,0108376886703
12,2773096	0	 	 	 
12,3927008	1	3,1	0,4014252071	-0,280171769207
12,3973352	0	 	 	 
12,5232	1	3,15	0,421816655182	0,59268629929
12,5274008	0	 	 	 
12,6332296	1	3,2	0,436726307488	-0,321674638688
12,637104	0	 	 	 
12,7530008	1	3,25	0,41811255602	0,0108528139362
12,757032	0	 	 	 
12,8724008	1	3,3	0,417371576265	-0,0232645351243
12,8762008	0	 	 	 
12,9926008	1	3,35	0,41555658538	-0,00693498042488
12,9963112	0	 	 	 
13,1130424	1	3,4	0,415097605987	-0,000686628613268
13,1167016	0	 	 	 
13,233508	1	3,45	0,414479829392	-0,00956985282427
13,2377256	0	 	 	 
13,3543096	1	3,5	0,397387308959	-0,273415147921
13,3590032	0	 	 	 
13,4861072	1	3,55	0,417682658696	0,581392679189
13,4903456	0	 	 	 
13,5972224	1	3,6	0,432543376342	-0,313909604939
13,6011296	0	 	 	 
13,7181216	1	3,65	0,414089589366	0,00863402039153
13,7222192	0	 	 	 
13,8387168	1	3,7	0,413240477752	-0,0227160338452
13,8425248	0	 	 	 
13,9601168	1	3,75	0,411369424296	-0,00810857004548
13,9639072	0	 	 	 
14,081808	1	3,8	0,410862549287	-0,000221942076743
14,0855072	0	 	 	 
14,2035072	1	3,85	0,410311017919	-0,00884190334939
14,2077504	0	 	 	 
14,3255264	1	3,9	0,393441971001	-0,267656334917
14,3303072	0	 	 	 
14,4586368	1	3,95	0,413458943234	0,568413784864
14,4629184	0	 	 	 
14,570904	1	4	0,428270293405	-0,304554880914
14,574808	0	 	 	 
14,6929488	1	4,05	0,410138278109	0,00741784113302
14,6971088	0	 	 	 
14,8147248	1	4,1	0,40921479157	-0,022584812273
14,8186096	0	 	 	 
14,9373248	1	4,15	0,407350365681	-0,00782996567982
14,941128	0	 	 	 
15,0602144	1	4,2	0,406840125768	-0,000474071653136
15,0639088	0	 	 	 
15,1831216	1	4,25	0,406183704971	-0,0102074961778
15,1874272	0	 	 	 
15,3064096	1	4,3	0,3894616354	-0,261060909036
15,3112096	0	 	 	 
15,4408496	1	4,35	0,409434558865	0,558188601164
15,4452096	0	 	 	 
15,5542096	1	4,4	0,424039376133	-0,300517160304
15,5582096	0	 	 	 
15,6775104	1	4,45	0,406008824579	0,00805269042671
15,6817104	0	 	 	 
15,8005104	1	4,5	0,405192307757	-0,0213293867333
15,8044112	0	 	 	 
15,924312	1	4,55	0,403473883636	-0,00643154884506
15,928112	0	 	 	 
16,0483584	1	4,6	0,402901036701	-0,00280446178328
16,052112	0	 	 	 
16,172512	1	4,65	0,402282080809	-0,00716634683253
16,176816	0	 	 	 
16,2969408	1	4,7	0,385781113462	-0,258061114116
16,3018128	0	 	 	 
16,4327136	1	4,75	0,405558833848	0,54939664503
16,4371136	0	 	 	 
16,5471328	1	4,8	0,42004329896	-0,296214222634
16,55116	0	 	 	 
16,6716336	1	4,85	0,402106353455	0,00807237124495
16,675856	0	 	 	 
16,795824	1	4,9	0,40126481784	-0,0216247169216
16,7997504	0	 	 	 
16,9208512	1	4,95	0,399380310641	-0,0085208385858
16,9247328	0	 	 	 
17,0462128	1	5	0,398782616783	-0,00101467879372
17,0499488	0	 	 	 
17,1716144	1	5,05	0,398204638905	-0,00820335157365
17,176016	0	 	 	 
17,2973408	1	5,1	0,381768447874	-0,253256310532
17,3022272	0	 	 	 
17,4345552	1	5,15	0,401239839168	0,537066046163
17,439016	0	 	 	 
17,550216	1	5,2	0,415574312716	-0,289195141796
17,5543168	0	 	 	 
17,67604	1	5,25	0,397770706795	0,00620293171084
17,6803168	0	 	 	 
17,8016176	1	5,3	0,396841774492	-0,0209974858765
17,8055648	0	 	 	 
17,9280352	1	5,35	 	 
17,93196	0	 	 	 
