Vernier Format 2
Untitled.cmbl 11.10.2021 16:28:54 ,
Latest
Time	GateState	Distance	Velocity	Acceleration
t	State	d	v	acc
s		m	m/s	m/s²

0,6382888	1	0	 	 
0,6602164	0	 	 	 
0,9917836	1	0,05	0,200275779172	0,332853455341
0,9991948	0	 	 	 
1,2040112	1	0,1	0,246892334022	0,106453730436
1,2099312	0	 	 	 
1,3983836	1	0,15	0,257332764646	0,000973359256063
1,404084	0	 	 	 
1,5926132	1	0,2	0,257129852912	-0,0030627599887
1,5993168	0	 	 	 
1,7872932	1	0,25	0,246820941626	-0,102843458273
1,7947096	0	 	 	 
1,9992268	1	0,3	0,259584188381	0,223289171029
2,0059844	0	 	 	 
2,178084	1	0,35	0,268361614303	-0,125139072268
2,1842836	0	 	 	 
2,3732836	1	0,4	0,256013642438	-0,00137729215648
2,3797836	0	 	 	 
2,5686884	1	0,45	0,25465911572	-0,0124865097391
2,574784	0	 	 	 
2,7659836	1	0,5	0,253031278521	-0,00401502905891
2,7719836	0	 	 	 
2,9638984	1	0,55	0,252572480354	-0,000621290887828
2,9697036	0	 	 	 
3,1619096	1	0,6	0,252149596657	-0,00365001999148
3,168784	0	 	 	 
3,36049	1	0,65	0,241868475733	-0,0998961600341
3,368084	0	 	 	 
3,576884	1	0,7	0,254252238592	0,214351855282
3,583702	0	 	 	 
3,759484	1	0,75	0,262852214016	-0,12015716279
3,7657856	0	 	 	 
3,9587836	1	0,8	0,250677652754	-0,00201630130323
3,9654096	0	 	 	 
4,1584032	1	0,85	0,249203032089	-0,0127580060801
4,1646312	0	 	 	 
4,360084	1	0,9	0,247415818451	-0,00496518460299
4,3662836	0	 	 	 
4,5625844	1	0,95	0,246913580249	4,81709164354E-006
4,5684924	0	 	 	 
4,765084	1	1	0,246584709845	-0,00325292625853
4,7720812	0	 	 	 
4,968126	1	1,05	0,236537980191	-0,0957091570013
4,975884	0	 	 	 
5,1894156	1	1,1	0,248592633771	0,204658276894
5,1964836	0	 	 	 
5,3761884	1	1,15	0,257011698875	-0,114505266347
5,382684	0	 	 	 
5,579984	1	1,2	0,245201813709	-0,00139404813151
5,5867836	0	 	 	 
5,784016	1	1,25	0,243731143137	-0,0130220294612
5,7903848	0	 	 	 
5,9902968	1	1,3	0,241834432586	-0,00536756909318
5,9966132	0	 	 	 
6,1975264	1	1,35	0,241320209789	0,000404737555914
6,2035936	0	 	 	 
6,404684	1	1,4	0,241081854184	-0,00270593823921
6,411798	0	 	 	 
6,6123244	1	1,45	0,231318171932	-0,091338209733
6,620284	0	 	 	 
6,838584	1	1,5	0,243184651001	0,196230811586
6,8457296	0	 	 	 
7,0294856	1	1,55	0,251504711792	-0,109064849741
7,0360848	0	 	 	 
7,237688	1	1,6	0,239970017805	-0,0017378498224
7,2446832	0	 	 	 
7,4462048	1	1,65	0,238451932238	-0,0128229487939
7,4527176	0	 	 	 
7,6570864	1	1,7	0,236531486892	-0,0053905449017
7,663504	0	 	 	 
7,8689864	1	1,75	0,235993779228	0,000315437167044
7,8751984	0	 	 	 
8,0808264	1	1,8	0,235723086945	-0,00287106672535
8,0881864	0	 	 	 
8,2932144	1	1,85	0,226195881072	-0,0868440383879
8,301316	0	 	 	 
8,5245336	1	1,9	0,237801575622	0,187187585739
8,531888	0	 	 	 
8,719788	1	1,95	0,245863012116	-0,104613912681
8,7265888	0	 	 	 
8,9328072	1	2	0,234466262024	-0,00238818001696
8,9399248	0	 	 	 
9,1462896	1	2,05	0,233012757835	-0,0112289068085
9,1529184	0	 	 	 
9,3619912	1	2,1	0,231162272774	-0,00592891734938
9,3686904	0	 	 	 
9,5788928	1	2,15	0,230468297223	-0,000470072340249
9,5853904	0	 	 	 
9,7958904	1	2,2	0,230129135115	-0,00265588027091
9,8034184	0	 	 	 
10,0134328	1	2,25	0,220825813538	-0,0828752307007
10,0217912	0	 	 	 
10,250392	1	2,3	0,23215247069	0,178475293096
10,2579912	0	 	 	 
10,450392	1	2,35	0,24002485391	-0,0997514608966
10,457392	0	 	 	 
10,6685976	1	2,4	0,228869632741	-0,00249358844887
10,6759288	0	 	 	 
10,8873232	1	2,45	0,227290402836	-0,0119466956796
10,8942048	0	 	 	 
11,1085928	1	2,5	0,225344820653	-0,0056389300194
11,1153936	0	 	 	 
11,3310944	1	2,55	0,224667828142	-0,000446352164011
11,3376944	0	 	 	 
11,5536944	1	2,6	0,224366329399	-0,00226253141996
11,5614952	0	 	 	 
11,7767952	1	2,65	0,215368064006	-0,0784029381187
11,7853944	0	 	 	 
12,0196952	1	2,7	0,22648434474	0,169932627161
12,0274408	0	 	 	 
12,2246952	1	2,75	0,234140344062	-0,0952399508503
12,23184	0	 	 	 
12,4484224	1	2,8	0,22320582582	-0,0025087202269
12,4559424	0	 	 	 
12,6727136	1	2,85	0,221658796498	-0,0112861083043
12,679796	0	 	 	 
12,899596	1	2,9	0,219742963645	-0,00560222549888
12,9066232	0	 	 	 
13,1277984	1	2,95	0,21901092066	-0,000813508821038
13,1345968	0	 	 	 
13,3561944	1	3	0,218714619244	-0,00178111994937
13,3641136	0	 	 	 
13,585016	1	3,05	0,209927352767	-0,0750233991777
13,593824	0	 	 	 
13,8342976	1	3,1	0,220610976209	0,160738698194
13,8422976	0	 	 	 
14,0447984	1	3,15	0,22794359649	-0,0910703617241
14,052144	0	 	 	 
14,2747104	1	3,2	0,217105607	-0,00320909727846
14,2824976	0	 	 	 
14,5054064	1	3,25	0,215471328889	-0,010959142408
14,5126976	0	 	 	 
14,7388416	1	3,3	0,213500893807	-0,00592293092232
14,7460992	0	 	 	 
14,9737984	1	3,35	0,212683557204	-0,00103440424056
14,9807984	0	 	 	 
15,209024	1	3,4	0,212297576602	-0,00224738653106
15,2172352	0	 	 	 
15,4448368	1	3,45	0,203803984483	-0,0697893487036
15,4539136	0	 	 	 
15,7014448	1	3,5	0,214382282004	0,152236486135
15,7097008	0	 	 	 
15,9180192	1	3,55	0,221536232011	-0,0861718911785
15,9256272	0	 	 	 
16,1546016	1	3,6	0,211022016545	-0,00271228166095
16,1626016	0	 	 	 
16,3919056	1	3,65	0,209396669792	-0,0109861537031
16,3994064	0	 	 	 
16,6322016	1	3,7	0,207388799089	-0,00572549112162
16,6397024	0	 	 	 
16,8741024	1	3,75	0,206568707174	-0,00105490741596
16,8813024	0	 	 	 
17,1163024	1	3,8	0,206177400335	-0,0021763629313
17,1248	0	 	 	 
17,3591232	1	3,85	0,197907518051	-0,0659387432214
17,3685024	0	 	 	 
17,6234016	1	3,9	0,208188180458	0,143740503843
17,6318464	0	 	 	 
17,8464016	1	3,95	 	 
17,8542144	0	 	 	 
